3
4 3 7
8.8 0 1.5
-5 0 0
0 1 0
4
3
800
600
9
0
12
10 20 30 3
0.9 0.005 1.2
-1
100 50 50
0 0 0
0
0 1 1 
0 1 0
0 3 1
0 3 0
0 3 1
0 1 0
-2 1 1
-2 1 0
0 1 1
0 1 0
0 1 1
-2 1 0
0 3 1
0 3 0
-2 3 1
-2 3 0
-2 3 1
0 3 0
-2 1 1
0 1 1
-2 3 1
0 3 1
-2 3 1
0 1 1
-2 3 0
0 3 0
-2 1 0
0 1 0
-2 1 0
0 3 0
-2 3 1
-2 3 0
-2 1 1
-2 1 0
-2 1 1
-2 3 0
0
2
11 23 22 3
0 1 1
1
223 233 0
0 0 0
0
15 -9 0
15 9 0
-15 -9 0
-15 9 0
-15 -9 0
15 9 0
0
2
11 23 22 3
0 1 1
1
223 233 0
0 0 0
1
15 -9 9
-15 -9 9
15 9 9
-15 9 9
15 9 9
-15 -9 9
0
2
10 25 33 4
0 1 1
0
124 222 223
0 0 0
0
15 -9 9
15 -9 0
-15 -9 9
-15 -9 0
-15 -9 9
15 -9 0
0
2
13 25 35 4
0 1 1
2
178 100 100
0 0 0
0
15 9 9
15 9 0
15 -9 9
15 -9 0
15 -9 9
15 9 0
0
2
14 23 22 3
0 1 1
0
124 222 223
0 0 0
0
15 9 0
15 9 9
-15 9 0
-15 9 9
-15 9 0
15 9 9
0
2
12 22 21 3
0.6 1 1
-1
10 10 10
0 0 0
0
-15 -9 9
-15 -9 0
-15 9 9
-15 9 0
-15 9 9
-15 -9 0
1
0
13 23 34 3
0.2 1 1
-1
0 170 80
-5 3 0.75
0.75
0
5
12 22 23 3
0.4 1 1
-1
122 0 12
0 0 0
0
1 -1 2
2 -2 0
2 0 0
1 -1 2
2 0 0
0 0 0
1 -1 2
0 0 0
0 -2 0
1 -1 2
0 -2 0
2 -2 0
0 -2 0
2 -2 0
0 0 0
2 0 0
0 0 0
2 -2 0
